label		 1
[0.13037898 0.52922012 0.75066113 0.55501819 0.73596073 0.80385251
 0.62658955 0.61063161 0.71682193 0.64774034 0.25896168]
[0.17907507 0.59283759 0.81791987 0.69173734 0.86056867 0.8975579
 0.75707465 0.76039933 0.87633588 0.81121306 0.27437427]
[0.32407581 0.83141395 0.90127003 0.73740475 0.83559931 0.88505362
 0.78427229 0.75611501 0.79749165 0.76271441 0.82174766]
[0.17907507 0.59283759 0.81791987 0.69173734 0.86056867 0.8975579
 0.75707465 0.76039933 0.87633588 0.81121306 0.27437427]
iou		 0.5787124333093782
accuracy	 0.6835539672118998
precision	 0.7670144087630656
recall		 0.6835539672118998
dice		 0.7228831824853347

label		 2
[0.51116726 0.62416187 0.52563725 0.55126102 0.63714025 0.64949221
 0.53570581 0.49270676]
[0.65696844 0.79629069 0.72506593 0.6802024  0.92788238 0.84095675
 0.87114198 0.50575606]
[0.69727047 0.74276232 0.65648341 0.74411846 0.67033548 0.74044316
 0.58180881 0.95023885]
[0.65696844 0.79629069 0.72506593 0.6802024  0.92788238 0.84095675
 0.87114198 0.50575606]
iou		 0.5659090532942737
accuracy	 0.7505330773234964
precision	 0.7229326208672318
recall		 0.7505330773234964
dice		 0.7364743479312279

label		 3
[0.09774236 0.75598181 0.62589278 0.67319795 0.66998614 0.61287173]
[0.14986764 0.84974634 0.8755164  0.9620807  0.79343465 0.65952804]
[0.21937407 0.87262976 0.68703275 0.69154698 0.81154014 0.89651763]
[0.14986764 0.84974634 0.8755164  0.9620807  0.79343465 0.65952804]
iou		 0.5726121288702131
accuracy	 0.7150289633156487
precision	 0.6964402219253257
recall		 0.7150289633156487
dice		 0.7056121877851251

label		 4
[0.2305312  0.25636785]
[0.25988372 0.39300203]
[0.67117117 0.42442497]
[0.25988372 0.39300203]
iou		 0.24344952408021225
accuracy	 0.3264428746638992
precision	 0.5477980718944575
recall		 0.3264428746638992
dice		 0.40909723578734536

label		 5
[0.44728762 0.69293    0.66536331]
[0.4488189  0.73343261 0.71100279]
[0.99242998 0.92618712 0.91201429]
[0.4488189  0.73343261 0.71100279]
iou		 0.6018603097301418
accuracy	 0.6310847655682884
precision	 0.9435437957970664
recall		 0.6310847655682884
dice		 0.7563131138148375

label		 6
[0.20627902 0.36175378]
[0.20945895 0.40684227]
[0.93144759 0.76548806]
[0.20945895 0.40684227]
iou		 0.28401640149180707
accuracy	 0.30815061408058686
precision	 0.8484678251066395
recall		 0.30815061408058686
dice		 0.45210394798471304
